1 , 42.58
2 , 42.09
3 , 41.96
4 , 41.82
5 , 41.84
6 , 41.79
7 , 41.91
8 , 41.81
9 , 41.86
10 , 41.84
11 , 41.83
12 , 41.81
13 , 41.85
14 , 41.77
15 , 41.84
16 , 41.89
17 , 41.84
18 , 41.79
19 , 41.86
20 , 42.87
21 , 42.04
22 , 41.78
23 , 41.95
24 , 41.93
25 , 41.84
26 , 41.79
27 , 41.86
28 , 41.78
29 , 41.9
30 , 41.9
31 , 41.93
32 , 41.79
33 , 41.83
34 , 41.9
35 , 41.83
36 , 41.77
37 , 41.81
38 , 41.88
39 , 41.9
40 , 41.87
41 , 41.82
42 , 41.8
43 , 41.86
44 , 42.03
45 , 41.98
46 , 41.8
47 , 41.82
48 , 41.77
49 , 41.81
50 , 41.7
51 , 36.35
52 , 36.37
53 , 36.38
54 , 36.37
55 , 36.39
56 , 36.36
57 , 36.37
58 , 36.36
59 , 36.33
60 , 36.31
61 , 36.33
62 , 36.36
63 , 36.36
64 , 36.39
65 , 36.37
66 , 36.36
67 , 36.32
68 , 36.34
69 , 36.32
70 , 36.4
71 , 36.47
72 , 36.36
73 , 36.35
74 , 36.37
75 , 36.36
76 , 36.36
77 , 36.36
78 , 36.31
79 , 36.35
80 , 36.35
81 , 36.38
82 , 36.36
83 , 36.39
84 , 36.35
85 , 36.35
86 , 36.36
87 , 36.39
88 , 36.36
89 , 36.39
90 , 36.55
91 , 36.62
92 , 36.38
93 , 36.38
94 , 36.39
95 , 36.39
96 , 36.4
97 , 36.39
98 , 36.45
99 , 36.4
100 , 36.44
101 , 36.56
102 , 36.56
103 , 37.93
104 , 36.68
105 , 36.55
106 , 36.55
107 , 36.55
108 , 36.55
109 , 36.57
110 , 36.57
111 , 36.56
112 , 36.53
113 , 36.54
114 , 36.55
115 , 36.56
116 , 36.54
117 , 36.55
118 , 36.55
119 , 36.55
120 , 36.54
121 , 36.55
122 , 36.57
123 , 36.52
124 , 36.55
125 , 36.58
126 , 36.55
127 , 36.56
128 , 36.55
129 , 36.56
130 , 36.54
131 , 36.54
132 , 36.54
133 , 36.54
134 , 36.55
135 , 36.53
136 , 36.54
137 , 36.56
138 , 36.54
139 , 36.55
140 , 36.56
141 , 36.58
142 , 36.55
143 , 36.55
144 , 36.55
145 , 36.54
146 , 36.55
147 , 36.56
148 , 36.57
149 , 36.58
150 , 36.55
151 , 20.85
152 , 20.46
153 , 20.4
154 , 20.45
155 , 20.42
156 , 20.42
157 , 20.44
158 , 20.45
159 , 20.48
160 , 20.46
161 , 20.43
162 , 20.46
163 , 20.51
164 , 20.46
165 , 20.44
166 , 20.41
167 , 20.44
168 , 20.45
169 , 20.42
170 , 20.42
171 , 20.42
172 , 20.47
173 , 20.44
174 , 20.47
175 , 20.48
176 , 20.41
177 , 20.37
178 , 20.43
179 , 20.39
180 , 20.44
181 , 20.47
182 , 20.45
183 , 20.43
184 , 20.46
185 , 20.38
186 , 20.45
187 , 20.5
188 , 20.41
189 , 20.39
190 , 20.41
191 , 20.38
192 , 20.4
193 , 20.44
194 , 20.44
195 , 20.43
196 , 20.46
197 , 20.39
198 , 20.42
199 , 20.45
200 , 20.44
201 , 36.57
202 , 36.79
203 , 36.78
204 , 36.55
205 , 36.6
206 , 36.67
207 , 36.63
208 , 36.6
209 , 36.59
210 , 36.57
211 , 36.54
212 , 36.55
213 , 36.58
214 , 36.6
215 , 36.58
216 , 36.55
217 , 36.54
218 , 36.56
219 , 36.53
220 , 36.55
221 , 36.56
222 , 36.57
223 , 36.57
224 , 36.57
225 , 36.54
226 , 36.56
227 , 36.57
228 , 36.53
229 , 36.57
230 , 36.56
231 , 36.54
232 , 36.56
233 , 36.56
234 , 36.58
235 , 36.59
236 , 36.56
237 , 36.56
238 , 36.54
239 , 36.56
240 , 36.58
241 , 36.59
242 , 36.56
243 , 36.54
244 , 36.55
245 , 36.54
246 , 36.56
247 , 36.57
248 , 36.57
249 , 36.57
250 , 36.59
251 , 39.12
252 , 39.11
253 , 39.16
254 , 39.11
255 , 39.18
256 , 39.11
257 , 39.07
258 , 39.09
259 , 39.07
260 , 39.1
261 , 40.31
262 , 39.21
263 , 39.08
264 , 39.09
265 , 39.07
266 , 39.08
267 , 39.15
268 , 39.06
269 , 39.11
270 , 39.07
271 , 39.13
272 , 39.06
273 , 39.09
274 , 39.09
275 , 39.09
276 , 39.12
277 , 39.13
278 , 39.06
279 , 39.09
280 , 39.14
281 , 39.22
282 , 39.08
283 , 39.16
284 , 39.12
285 , 39.1
286 , 39.08
287 , 39.11
288 , 39.08
289 , 39.12
290 , 39.07
291 , 39.11
292 , 39.09
293 , 39.1
294 , 39.09
295 , 39.1
296 , 39.08
297 , 39.09
298 , 39.08
299 , 39.09
300 , 39.1
301 , 24.77
302 , 24.82
303 , 24.72
304 , 24.8
305 , 24.73
306 , 24.82
307 , 24.74
308 , 24.74
309 , 24.7
310 , 24.82
311 , 24.76
312 , 24.82
313 , 24.73
314 , 24.81
315 , 24.75
316 , 24.82
317 , 24.74
318 , 24.81
319 , 24.75
320 , 24.8
321 , 24.76
322 , 24.82
323 , 24.74
324 , 24.83
325 , 24.74
326 , 24.81
327 , 24.76
328 , 24.82
329 , 24.75
330 , 24.82
331 , 24.75
332 , 24.8
333 , 24.75
334 , 24.8
335 , 24.72
336 , 24.84
337 , 24.74
338 , 24.81
339 , 24.74
340 , 24.82
341 , 24.75
342 , 24.84
343 , 24.73
344 , 24.83
345 , 24.74
346 , 24.83
347 , 24.72
348 , 24.75
349 , 24.74
350 , 24.77
351 , 24.76
352 , 24.94
353 , 24.72
354 , 24.82
355 , 24.74
356 , 24.75
357 , 24.77
358 , 24.79
359 , 24.73
360 , 24.78
361 , 24.73
362 , 24.72
363 , 24.73
364 , 24.78
365 , 24.72
366 , 24.79
367 , 24.72
368 , 24.75
369 , 24.76
370 , 24.76
371 , 24.75
372 , 24.76
373 , 24.73
374 , 24.76
375 , 24.72
376 , 24.78
377 , 24.72
378 , 24.78
379 , 24.72
380 , 24.74
381 , 24.7
382 , 24.76
383 , 24.71
384 , 24.78
385 , 24.7
386 , 24.76
387 , 24.72
388 , 24.68
389 , 24.71
390 , 24.78
391 , 24.77
392 , 24.8
393 , 24.72
394 , 24.72
395 , 24.72
396 , 24.71
397 , 24.72
398 , 24.76
399 , 24.75
400 , 24.77
401 , 41.98
402 , 41.94
403 , 41.94
404 , 41.96
405 , 41.94
406 , 42.0
407 , 41.93
408 , 41.95
409 , 41.96
410 , 42.01
411 , 42.04
412 , 41.99
413 , 42.0
414 , 41.97
415 , 41.96
416 , 42.07
417 , 41.89
418 , 42.01
419 , 41.93
420 , 42.01
421 , 41.93
422 , 42.04
423 , 43.05
424 , 42.12
425 , 41.91
426 , 42.08
427 , 41.94
428 , 42.13
429 , 42.0
430 , 42.02
431 , 42.03
432 , 42.17
433 , 41.92
434 , 42.0
435 , 41.94
436 , 42.03
437 , 41.97
438 , 42.14
439 , 42.05
440 , 41.96
441 , 42.01
442 , 42.05
443 , 41.96
444 , 41.98
445 , 41.92
446 , 41.99
447 , 41.96
448 , 42.1
449 , 41.92
450 , 42.03
451 , 18.92
452 , 18.96
453 , 18.91
454 , 18.93
455 , 18.89
456 , 18.94
457 , 18.92
458 , 18.92
459 , 18.91
460 , 18.95
461 , 18.91
462 , 18.9
463 , 18.91
464 , 18.92
465 , 18.89
466 , 18.93
467 , 18.89
468 , 18.91
469 , 18.9
470 , 18.93
471 , 18.95
472 , 18.94
473 , 18.9
474 , 18.9
475 , 18.89
476 , 18.92
477 , 18.88
478 , 18.92
479 , 18.91
480 , 18.95
481 , 18.89
482 , 18.92
483 , 18.89
484 , 18.93
485 , 18.9
486 , 18.92
487 , 18.91
488 , 18.93
489 , 18.88
490 , 18.93
491 , 18.92
492 , 18.91
493 , 18.92
494 , 18.91
495 , 18.92
496 , 18.92
497 , 18.91
498 , 18.91
499 , 18.9
500 , 18.91
501 , 36.64
502 , 36.58
503 , 36.57
504 , 36.54
505 , 36.54
506 , 36.56
507 , 36.58
508 , 36.56
509 , 36.55
510 , 36.57
511 , 36.55
512 , 36.56
513 , 36.56
514 , 36.55
515 , 36.55
516 , 36.55
517 , 36.53
518 , 36.53
519 , 36.59
520 , 36.59
521 , 36.81
522 , 36.63
523 , 36.57
524 , 36.56
525 , 36.62
526 , 36.58
527 , 36.55
528 , 36.56
529 , 36.53
530 , 36.59
531 , 36.58
532 , 36.58
533 , 36.57
534 , 36.59
535 , 36.54
536 , 36.54
537 , 36.55
538 , 36.57
539 , 36.56
540 , 36.55
541 , 36.54
542 , 36.55
543 , 36.54
544 , 36.57
545 , 36.55
546 , 36.56
547 , 36.54
548 , 36.55
549 , 36.54
550 , 36.55
551 , 18.77
552 , 18.73
553 , 18.74
554 , 18.72
555 , 18.75
556 , 18.73
557 , 18.72
558 , 18.73
559 , 18.74
560 , 18.73
561 , 18.74
562 , 18.75
563 , 18.72
564 , 18.73
565 , 18.74
566 , 18.74
567 , 18.72
568 , 18.76
569 , 18.73
570 , 18.73
571 , 18.75
572 , 18.73
573 , 18.72
574 , 18.73
575 , 18.75
576 , 18.71
577 , 18.73
578 , 18.75
579 , 18.74
580 , 18.72
581 , 18.73
582 , 18.75
583 , 18.73
584 , 18.76
585 , 18.73
586 , 18.72
587 , 18.73
588 , 18.74
589 , 18.72
590 , 18.73
591 , 18.73
592 , 18.73
593 , 18.72
594 , 18.75
595 , 18.75
596 , 18.74
597 , 18.78
598 , 18.77
599 , 18.74
600 , 18.73
601 , 36.33
602 , 36.34
603 , 36.36
604 , 37.56
605 , 36.4
606 , 36.35
607 , 36.37
608 , 36.35
609 , 36.35
610 , 36.36
611 , 36.4
612 , 36.36
613 , 36.37
614 , 36.34
615 , 36.33
616 , 36.32
617 , 36.38
618 , 36.34
619 , 36.36
620 , 36.38
621 , 36.4
622 , 36.34
623 , 36.31
624 , 36.4
625 , 36.33
626 , 36.34
627 , 36.32
628 , 36.33
629 , 36.34
630 , 36.33
631 , 36.34
632 , 36.35
633 , 36.35
634 , 36.32
635 , 36.35
636 , 36.34
637 , 36.34
638 , 36.34
639 , 36.44
640 , 36.34
641 , 36.33
642 , 36.36
643 , 36.34
644 , 36.34
645 , 36.36
646 , 36.36
647 , 36.36
648 , 36.41
649 , 36.36
650 , 36.32
651 , 41.71
652 , 41.84
653 , 42.05
654 , 41.91
655 , 41.79
656 , 41.81
657 , 41.8
658 , 41.82
659 , 41.78
660 , 41.8
661 , 41.74
662 , 41.83
663 , 41.78
664 , 41.84
665 , 41.78
666 , 41.8
667 , 41.77
668 , 41.78
669 , 41.76
670 , 41.87
671 , 41.94
672 , 42.13
673 , 41.81
674 , 41.85
675 , 41.78
676 , 41.79
677 , 41.77
678 , 42.14
679 , 41.89
680 , 41.82
681 , 41.81
682 , 41.79
683 , 41.73
684 , 41.9
685 , 41.72
686 , 41.75
687 , 41.84
688 , 41.83
689 , 41.75
690 , 41.75
691 , 41.76
692 , 41.9
693 , 41.72
694 , 41.78
695 , 41.85
696 , 41.81
697 , 41.86
698 , 41.85
699 , 41.73
700 , 41.97
701 , 41.77
702 , 41.84
703 , 41.82
704 , 41.79
705 , 41.86
706 , 41.81
707 , 41.83
708 , 41.94
709 , 41.75
710 , 41.77
711 , 41.83
712 , 41.81
713 , 41.81
714 , 41.84
715 , 41.75
716 , 41.93
717 , 41.76
718 , 41.78
719 , 41.84
720 , 41.79
721 , 41.8
722 , 41.78
723 , 41.76
724 , 41.92
725 , 41.82
726 , 41.75
727 , 41.98
728 , 41.84
729 , 41.92
730 , 43.06
731 , 41.8
732 , 41.8
733 , 41.8
734 , 41.8
735 , 41.77
736 , 41.81
737 , 41.85
738 , 41.8
739 , 41.76
740 , 41.83
741 , 41.82
742 , 41.79
743 , 41.78
744 , 41.79
745 , 41.84
746 , 41.86
747 , 41.77
748 , 41.79
749 , 41.84
750 , 41.85
751 , 36.35
752 , 36.32
753 , 36.45
754 , 36.33
755 , 36.34
756 , 36.43
757 , 36.43
758 , 36.41
759 , 36.36
760 , 36.36
761 , 36.4
762 , 36.39
763 , 36.34
764 , 36.35
765 , 36.32
766 , 36.36
767 , 36.4
768 , 36.32
769 , 36.4
770 , 36.37
771 , 36.41
772 , 36.3
773 , 36.47
774 , 36.33
775 , 36.4
776 , 36.31
777 , 36.41
778 , 36.31
779 , 36.39
780 , 36.32
781 , 36.38
782 , 36.33
783 , 36.39
784 , 36.36
785 , 36.43
786 , 36.5
787 , 36.4
788 , 36.36
789 , 36.4
790 , 36.36
791 , 36.41
792 , 36.39
793 , 36.35
794 , 36.41
795 , 36.41
796 , 36.49
797 , 36.32
798 , 36.4
799 , 36.34
800 , 36.41
801 , 36.58
802 , 36.6
803 , 36.58
804 , 36.88
805 , 36.79
806 , 36.7
807 , 36.55
808 , 36.66
809 , 36.56
810 , 36.6
811 , 36.52
812 , 36.6
813 , 36.53
814 , 36.59
815 , 36.51
816 , 36.61
817 , 36.53
818 , 36.62
819 , 36.55
820 , 36.62
821 , 36.55
822 , 36.61
823 , 36.57
824 , 36.64
825 , 36.55
826 , 36.57
827 , 36.54
828 , 36.56
829 , 36.56
830 , 36.57
831 , 36.61
832 , 36.55
833 , 36.54
834 , 36.54
835 , 36.7
836 , 36.7
837 , 36.73
838 , 36.72
839 , 36.71
840 , 36.7
841 , 36.56
842 , 36.54
843 , 36.58
844 , 36.57
845 , 36.54
846 , 36.54
847 , 36.56
848 , 36.54
849 , 36.56
850 , 36.56
851 , 41.77
852 , 41.86
853 , 41.86
854 , 41.83
855 , 41.85
856 , 41.86
857 , 41.84
858 , 41.85
859 , 41.87
860 , 41.83
861 , 41.83
862 , 43.07
863 , 41.95
864 , 41.8
865 , 41.81
866 , 41.83
867 , 41.8
868 , 41.85
869 , 41.84
870 , 41.81
871 , 41.82
872 , 41.83
873 , 41.82
874 , 41.85
875 , 41.81
876 , 41.82
877 , 41.8
878 , 41.83
879 , 41.78
880 , 41.81
881 , 41.78
882 , 41.82
883 , 41.83
884 , 41.82
885 , 41.9
886 , 41.84
887 , 41.85
888 , 41.83
889 , 41.81
890 , 41.81
891 , 41.84
892 , 41.83
893 , 41.83
894 , 41.8
895 , 41.83
896 , 41.82
897 , 41.9
898 , 41.86
899 , 41.86
900 , 41.82
901 , 36.4
902 , 36.32
903 , 36.46
904 , 36.37
905 , 36.34
906 , 36.36
907 , 36.34
908 , 36.55
909 , 36.32
910 , 36.38
911 , 36.34
912 , 36.36
913 , 36.49
914 , 36.45
915 , 36.36
916 , 36.33
917 , 36.36
918 , 36.35
919 , 36.42
920 , 36.35
921 , 36.35
922 , 36.41
923 , 36.35
924 , 36.39
925 , 36.35
926 , 36.49
927 , 36.37
928 , 36.44
929 , 36.34
930 , 36.33
931 , 36.37
932 , 36.32
933 , 36.41
934 , 36.53
935 , 36.49
936 , 36.35
937 , 36.38
938 , 36.38
939 , 36.34
940 , 36.33
941 , 36.52
942 , 36.42
943 , 36.35
944 , 36.56
945 , 36.47
946 , 36.54
947 , 36.35
948 , 36.35
949 , 36.31
950 , 36.33
951 , 18.95
952 , 19.04
953 , 18.94
954 , 18.96
955 , 18.99
956 , 18.96
957 , 18.98
958 , 18.94
959 , 18.97
960 , 18.94
961 , 18.95
962 , 18.98
963 , 18.97
964 , 18.93
965 , 18.94
966 , 18.95
967 , 18.97
968 , 18.95
969 , 18.94
970 , 18.95
971 , 18.96
972 , 18.96
973 , 18.95
974 , 18.93
975 , 18.93
976 , 18.95
977 , 18.93
978 , 18.97
979 , 18.95
980 , 18.95
981 , 18.95
982 , 18.94
983 , 18.95
984 , 18.96
985 , 18.97
986 , 18.96
987 , 18.95
988 , 18.94
989 , 18.94
990 , 18.95
991 , 18.96
992 , 18.92
993 , 18.95
994 , 18.98
995 , 18.94
996 , 18.94
997 , 18.97
998 , 18.94
999 , 18.94
1000 , 18.92
1001 , 36.4
1002 , 36.35
1003 , 36.39
1004 , 36.37
1005 , 36.32
1006 , 36.33
1007 , 36.33
1008 , 36.34
1009 , 36.42
1010 , 36.37
1011 , 36.34
1012 , 36.32
1013 , 36.35
1014 , 36.42
1015 , 36.34
1016 , 36.34
1017 , 37.54
1018 , 36.43
1019 , 36.44
1020 , 36.34
1021 , 36.33
1022 , 36.33
1023 , 36.41
1024 , 36.37
1025 , 36.35
1026 , 36.33
1027 , 36.54
1028 , 36.36
1029 , 36.36
1030 , 36.36
1031 , 36.31
1032 , 36.32
1033 , 36.34
1034 , 36.35
1035 , 36.33
1036 , 36.33
1037 , 36.33
1038 , 36.33
1039 , 36.37
1040 , 36.37
1041 , 36.37
1042 , 36.39
1043 , 36.38
1044 , 36.34
1045 , 36.35
1046 , 36.4
1047 , 36.36
1048 , 36.34
1049 , 36.35
1050 , 36.35
1051 , 18.76
1052 , 18.79
1053 , 18.76
1054 , 18.76
1055 , 18.77
1056 , 18.75
1057 , 18.77
1058 , 18.79
1059 , 18.75
1060 , 18.75
1061 , 18.75
1062 , 18.75
1063 , 18.74
1064 , 18.76
1065 , 18.76
1066 , 18.75
1067 , 18.75
1068 , 18.76
1069 , 18.76
1070 , 18.76
1071 , 18.76
1072 , 18.76
1073 , 18.74
1074 , 18.76
1075 , 18.79
1076 , 18.77
1077 , 18.74
1078 , 18.76
1079 , 18.74
1080 , 18.77
1081 , 18.75
1082 , 18.77
1083 , 18.74
1084 , 18.76
1085 , 18.75
1086 , 18.74
1087 , 18.76
1088 , 18.76
1089 , 18.74
1090 , 18.75
1091 , 18.76
1092 , 18.76
1093 , 18.75
1094 , 18.76
1095 , 18.76
1096 , 18.74
1097 , 18.75
1098 , 18.76
1099 , 18.75
1100 , 18.75
1101 , 36.41
1102 , 36.38
1103 , 36.36
1104 , 36.32
1105 , 36.41
1106 , 36.35
1107 , 36.36
1108 , 36.32
1109 , 36.39
1110 , 36.33
1111 , 36.4
1112 , 36.34
1113 , 36.47
1114 , 36.36
1115 , 36.31
1116 , 36.42
1117 , 36.37
1118 , 36.44
1119 , 36.55
1120 , 36.58
1121 , 36.58
1122 , 36.35
1123 , 36.33
1124 , 36.39
1125 , 36.32
1126 , 36.35
1127 , 36.31
1128 , 36.29
1129 , 36.29
1130 , 36.3
1131 , 36.32
1132 , 36.29
1133 , 36.34
1134 , 36.43
1135 , 36.32
1136 , 36.36
1137 , 36.35
1138 , 36.37
1139 , 36.43
1140 , 36.35
1141 , 36.33
1142 , 36.36
1143 , 36.33
1144 , 36.31
1145 , 36.32
1146 , 36.37
1147 , 36.32
1148 , 36.35
1149 , 36.39
1150 , 36.34
1151 , 41.85
1152 , 41.96
1153 , 42.05
1154 , 41.87
1155 , 41.92
1156 , 41.87
1157 , 41.95
1158 , 41.83
1159 , 41.91
1160 , 41.86
1161 , 41.97
1162 , 41.81
1163 , 41.84
1164 , 41.94
1165 , 41.92
1166 , 41.82
1167 , 41.94
1168 , 41.98
1169 , 41.86
1170 , 42.02
1171 , 41.94
1172 , 41.83
1173 , 41.87
1174 , 41.96
1175 , 43.14
1176 , 41.88
1177 , 41.84
1178 , 41.82
1179 , 41.94
1180 , 41.97
1181 , 41.86
1182 , 41.91
1183 , 41.91
1184 , 41.85
1185 , 42.05
1186 , 41.86
1187 , 41.93
1188 , 41.87
1189 , 41.88
1190 , 41.84
1191 , 41.96
1192 , 41.83
1193 , 42.19
1194 , 41.96
1195 , 41.82
1196 , 41.9
1197 , 41.83
1198 , 41.98
1199 , 41.89
1200 , 41.85
1201 , 36.67
1202 , 36.58
1203 , 36.56
1204 , 36.6
1205 , 36.6
1206 , 36.54
1207 , 36.53
1208 , 36.54
1209 , 36.55
1210 , 36.56
1211 , 36.56
1212 , 36.55
1213 , 36.57
1214 , 36.55
1215 , 36.56
1216 , 36.57
1217 , 36.57
1218 , 36.58
1219 , 36.56
1220 , 36.65
1221 , 36.62
1222 , 36.56
1223 , 36.57
1224 , 36.57
1225 , 36.56
1226 , 36.6
1227 , 36.56
1228 , 36.58
1229 , 36.58
1230 , 36.55
1231 , 36.56
1232 , 36.57
1233 , 36.56
1234 , 36.56
1235 , 36.57
1236 , 36.54
1237 , 36.55
1238 , 36.59
1239 , 36.55
1240 , 36.59
1241 , 36.6
1242 , 36.74
1243 , 36.55
1244 , 36.74
1245 , 36.55
1246 , 36.59
1247 , 36.57
1248 , 36.74
1249 , 36.79
1250 , 36.62
1251 , 39.17
1252 , 39.12
1253 , 39.1
1254 , 39.07
1255 , 39.08
1256 , 39.1
1257 , 39.11
1258 , 39.13
1259 , 39.1
1260 , 39.08
1261 , 39.12
1262 , 39.08
1263 , 39.14
1264 , 39.08
1265 , 39.09
1266 , 39.1
1267 , 39.11
1268 , 39.12
1269 , 39.07
1270 , 39.09
1271 , 39.11
1272 , 39.08
1273 , 39.14
1274 , 39.14
1275 , 39.14
1276 , 39.21
1277 , 39.09
1278 , 39.13
1279 , 39.13
1280 , 39.11
1281 , 39.11
1282 , 39.13
1283 , 39.18
1284 , 39.15
1285 , 39.16
1286 , 39.05
1287 , 39.08
1288 , 39.12
1289 , 39.06
1290 , 39.14
1291 , 39.14
1292 , 39.14
1293 , 39.1
1294 , 39.11
1295 , 39.1
1296 , 39.1
1297 , 39.2
1298 , 39.17
1299 , 39.15
1300 , 39.11
1301 , 36.33
1302 , 36.36
1303 , 36.36
1304 , 37.53
1305 , 36.4
1306 , 36.32
1307 , 36.32
1308 , 36.33
1309 , 36.36
1310 , 36.38
1311 , 36.35
1312 , 36.35
1313 , 36.32
1314 , 36.37
1315 , 36.34
1316 , 36.33
1317 , 36.39
1318 , 36.34
1319 , 36.36
1320 , 36.34
1321 , 36.32
1322 , 36.32
1323 , 36.41
1324 , 36.31
1325 , 36.35
1326 , 36.39
1327 , 36.43
1328 , 36.34
1329 , 36.32
1330 , 36.32
1331 , 36.37
1332 , 36.43
1333 , 36.33
1334 , 36.38
1335 , 36.41
1336 , 36.34
1337 , 36.39
1338 , 36.34
1339 , 36.32
1340 , 36.32
1341 , 36.33
1342 , 36.32
1343 , 36.32
1344 , 36.37
1345 , 36.43
1346 , 36.42
1347 , 36.42
1348 , 36.4
1349 , 36.37
1350 , 36.37
1351 , 41.82
1352 , 41.84
1353 , 42.14
1354 , 41.88
1355 , 41.85
1356 , 41.79
1357 , 41.95
1358 , 41.83
1359 , 41.82
1360 , 41.94
1361 , 41.83
1362 , 41.83
1363 , 41.83
1364 , 41.8
1365 , 41.8
1366 , 41.81
1367 , 41.89
1368 , 41.81
1369 , 41.83
1370 , 41.86
1371 , 41.82
1372 , 41.85
1373 , 41.84
1374 , 41.89
1375 , 41.79
1376 , 41.82
1377 , 42.04
1378 , 42.15
1379 , 42.03
1380 , 42.0
1381 , 41.98
1382 , 41.87
1383 , 41.89
1384 , 41.78
1385 , 41.89
1386 , 41.78
1387 , 41.95
1388 , 41.8
1389 , 41.82
1390 , 41.83
1391 , 41.86
1392 , 41.92
1393 , 41.81
1394 , 41.76
1395 , 41.83
1396 , 41.81
1397 , 41.84
1398 , 41.79
1399 , 41.83
1400 , 41.83
1401 , 36.42
1402 , 36.53
1403 , 36.34
1404 , 36.67
1405 , 36.31
1406 , 36.52
1407 , 36.32
1408 , 36.56
1409 , 36.37
1410 , 36.53
1411 , 36.31
1412 , 36.52
1413 , 36.38
1414 , 36.31
1415 , 36.32
1416 , 36.34
1417 , 36.36
1418 , 36.35
1419 , 36.33
1420 , 36.32
1421 , 36.39
1422 , 36.31
1423 , 36.3
1424 , 36.32
1425 , 36.32
1426 , 36.33
1427 , 36.33
1428 , 36.38
1429 , 36.43
1430 , 36.43
1431 , 36.35
1432 , 36.33
1433 , 37.5
1434 , 36.38
1435 , 36.4
1436 , 36.33
1437 , 36.41
1438 , 36.35
1439 , 36.33
1440 , 36.35
1441 , 36.33
1442 , 36.36
1443 , 36.34
1444 , 36.33
1445 , 36.32
1446 , 36.41
1447 , 36.57
1448 , 36.34
1449 , 36.32
1450 , 36.32
1451 , 36.56
1452 , 36.58
1453 , 36.54
1454 , 36.56
1455 , 36.55
1456 , 36.53
1457 , 36.53
1458 , 36.57
1459 , 36.57
1460 , 36.55
1461 , 36.56
1462 , 36.56
1463 , 36.57
1464 , 36.58
1465 , 36.56
1466 , 36.56
1467 , 36.55
1468 , 36.56
1469 , 36.55
1470 , 36.6
1471 , 36.54
1472 , 36.52
1473 , 36.54
1474 , 36.53
1475 , 36.54
1476 , 36.57
1477 , 36.56
1478 , 36.56
1479 , 36.54
1480 , 36.54
1481 , 36.54
1482 , 36.54
1483 , 36.63
1484 , 36.63
1485 , 36.54
1486 , 36.53
1487 , 36.54
1488 , 36.55
1489 , 36.58
1490 , 36.56
1491 , 36.55
1492 , 36.54
1493 , 36.54
1494 , 36.57
1495 , 36.58
1496 , 36.57
1497 , 36.54
1498 , 36.63
1499 , 36.55
1500 , 36.55
1501 , 36.37
1502 , 36.42
1503 , 36.36
1504 , 36.38
1505 , 36.38
1506 , 36.37
1507 , 36.38
1508 , 36.37
1509 , 36.4
1510 , 36.43
1511 , 36.51
1512 , 36.54
1513 , 36.43
1514 , 36.35
1515 , 36.39
1516 , 36.39
1517 , 36.38
1518 , 36.38
1519 , 36.37
1520 , 36.37
1521 , 36.42
1522 , 36.39
1523 , 36.38
1524 , 36.34
1525 , 36.42
1526 , 36.4
1527 , 36.4
1528 , 36.37
1529 , 36.39
1530 , 36.41
1531 , 36.38
1532 , 36.36
1533 , 36.4
1534 , 36.38
1535 , 36.41
1536 , 36.38
1537 , 36.37
1538 , 36.41
1539 , 36.44
1540 , 36.36
1541 , 36.37
1542 , 36.37
1543 , 36.4
1544 , 36.41
1545 , 36.36
1546 , 36.39
1547 , 36.37
1548 , 36.36
1549 , 36.37
1550 , 36.41
1551 , 41.97
1552 , 41.99
1553 , 41.98
1554 , 42.03
1555 , 42.06
1556 , 41.98
1557 , 41.95
1558 , 41.97
1559 , 42.02
1560 , 42.04
1561 , 41.96
1562 , 41.98
1563 , 42.04
1564 , 42.07
1565 , 41.95
1566 , 42.03
1567 , 41.98
1568 , 43.23
1569 , 42.07
1570 , 42.02
1571 , 41.95
1572 , 41.97
1573 , 41.98
1574 , 42.06
1575 , 42.06
1576 , 42.02
1577 , 42.05
1578 , 42.05
1579 , 41.95
1580 , 41.97
1581 , 42.08
1582 , 41.98
1583 , 42.0
1584 , 41.95
1585 , 41.97
1586 , 42.01
1587 , 42.08
1588 , 42.18
1589 , 42.03
1590 , 41.96
1591 , 41.95
1592 , 41.97
1593 , 42.07
1594 , 42.14
1595 , 42.04
1596 , 41.97
1597 , 41.98
1598 , 41.99
1599 , 42.06
1600 , 42.1
1601 , 41.86
1602 , 41.83
1603 , 41.78
1604 , 41.81
1605 , 41.8
1606 , 41.97
1607 , 41.86
1608 , 41.85
1609 , 41.9
1610 , 41.81
1611 , 41.83
1612 , 41.95
1613 , 41.83
1614 , 41.82
1615 , 41.86
1616 , 41.81
1617 , 41.85
1618 , 41.98
1619 , 41.83
1620 , 41.86
1621 , 41.93
1622 , 41.82
1623 , 41.84
1624 , 41.81
1625 , 41.91
1626 , 41.81
1627 , 41.87
1628 , 41.95
1629 , 41.84
1630 , 41.85
1631 , 41.92
1632 , 41.78
1633 , 41.89
1634 , 41.78
1635 , 41.88
1636 , 42.19
1637 , 41.85
1638 , 41.82
1639 , 41.93
1640 , 41.81
1641 , 41.86
1642 , 41.75
1643 , 41.78
1644 , 41.92
1645 , 41.79
1646 , 41.82
1647 , 41.86
1648 , 41.95
1649 , 41.81
1650 , 41.87
1651 , 39.07
1652 , 39.15
1653 , 39.12
1654 , 39.08
1655 , 39.09
1656 , 39.15
1657 , 39.19
1658 , 39.06
1659 , 39.11
1660 , 39.17
1661 , 39.09
1662 , 39.09
1663 , 39.21
1664 , 39.06
1665 , 39.13
1666 , 39.13
1667 , 39.14
1668 , 39.1
1669 , 39.2
1670 , 39.11
1671 , 39.08
1672 , 39.08
1673 , 39.11
1674 , 39.08
1675 , 39.21
1676 , 39.09
1677 , 39.12
1678 , 39.07
1679 , 39.14
1680 , 39.14
1681 , 39.2
1682 , 39.09
1683 , 39.13
1684 , 39.08
1685 , 39.16
1686 , 39.14
1687 , 39.19
1688 , 39.19
1689 , 40.28
1690 , 39.11
1691 , 39.1
1692 , 39.08
1693 , 39.19
1694 , 39.1
1695 , 39.15
1696 , 39.12
1697 , 39.12
1698 , 39.09
1699 , 39.2
1700 , 39.07
1701 , 41.81
1702 , 41.79
1703 , 41.8
1704 , 41.87
1705 , 41.82
1706 , 41.76
1707 , 41.83
1708 , 41.78
1709 , 41.9
1710 , 41.9
1711 , 41.84
1712 , 41.84
1713 , 41.83
1714 , 41.77
1715 , 41.81
1716 , 41.95
1717 , 42.13
1718 , 41.81
1719 , 41.83
1720 , 41.8
1721 , 41.84
1722 , 41.76
1723 , 41.79
1724 , 41.87
1725 , 41.8
1726 , 41.89
1727 , 41.83
1728 , 41.78
1729 , 42.16
1730 , 41.78
1731 , 41.82
1732 , 41.8
1733 , 41.78
1734 , 42.01
1735 , 41.84
1736 , 41.8
1737 , 41.8
1738 , 41.77
1739 , 42.17
1740 , 41.78
1741 , 41.8
1742 , 41.85
1743 , 41.79
1744 , 41.82
1745 , 42.12
1746 , 41.75
1747 , 41.77
1748 , 41.77
1749 , 41.84
1750 , 41.78
1751 , 18.93
1752 , 18.96
1753 , 18.93
1754 , 18.92
1755 , 18.91
1756 , 19.0
1757 , 18.93
1758 , 18.97
1759 , 18.93
1760 , 18.91
1761 , 18.94
1762 , 18.98
1763 , 18.95
1764 , 18.94
1765 , 18.93
1766 , 18.9
1767 , 19.02
1768 , 19.19
1769 , 18.95
1770 , 18.98
1771 , 18.91
1772 , 18.9
1773 , 18.93
1774 , 18.98
1775 , 18.93
1776 , 18.97
1777 , 18.93
1778 , 18.91
1779 , 18.94
1780 , 19.0
1781 , 18.93
1782 , 18.94
1783 , 18.93
1784 , 18.95
1785 , 18.93
1786 , 18.99
1787 , 18.94
1788 , 18.98
1789 , 18.94
1790 , 18.91
1791 , 18.93
1792 , 19.0
1793 , 18.92
1794 , 18.94
1795 , 18.94
1796 , 18.9
1797 , 18.94
1798 , 18.98
1799 , 18.92
1800 , 18.96
1801 , 41.84
1802 , 41.86
1803 , 41.79
1804 , 41.9
1805 , 41.79
1806 , 41.86
1807 , 41.77
1808 , 41.82
1809 , 42.17
1810 , 41.89
1811 , 41.77
1812 , 41.8
1813 , 41.78
1814 , 41.82
1815 , 41.77
1816 , 41.97
1817 , 41.76
1818 , 41.83
1819 , 42.14
1820 , 41.78
1821 , 41.82
1822 , 41.9
1823 , 41.87
1824 , 41.81
1825 , 41.79
1826 , 41.81
1827 , 41.79
1828 , 41.83
1829 , 41.8
1830 , 41.79
1831 , 41.79
1832 , 41.91
1833 , 41.83
1834 , 41.84
1835 , 41.78
1836 , 41.81
1837 , 43.02
1838 , 42.0
1839 , 41.79
1840 , 41.84
1841 , 41.77
1842 , 42.01
1843 , 41.85
1844 , 41.87
1845 , 41.79
1846 , 41.79
1847 , 41.83
1848 , 41.78
1849 , 41.77
1850 , 41.87
1851 , 41.98
1852 , 41.97
1853 , 42.0
1854 , 42.06
1855 , 42.02
1856 , 42.03
1857 , 42.06
1858 , 41.95
1859 , 41.98
1860 , 42.23
1861 , 42.16
1862 , 41.98
1863 , 42.0
1864 , 42.06
1865 , 41.97
1866 , 41.95
1867 , 41.94
1868 , 41.97
1869 , 41.93
1870 , 42.06
1871 , 41.94
1872 , 41.98
1873 , 41.97
1874 , 42.04
1875 , 41.94
1876 , 42.0
1877 , 41.96
1878 , 41.96
1879 , 41.93
1880 , 42.05
1881 , 41.95
1882 , 41.95
1883 , 41.99
1884 , 42.06
1885 , 41.96
1886 , 41.99
1887 , 41.93
1888 , 41.95
1889 , 41.96
1890 , 42.06
1891 , 41.94
1892 , 41.97
1893 , 41.93
1894 , 42.03
1895 , 41.93
1896 , 41.97
1897 , 41.98
1898 , 42.0
1899 , 41.98
1900 , 41.95
1901 , 40.59
1902 , 40.82
1903 , 40.66
1904 , 40.7
1905 , 40.82
1906 , 40.76
1907 , 40.67
1908 , 40.62
1909 , 40.64
1910 , 40.62
1911 , 40.71
1912 , 41.01
1913 , 40.66
1914 , 40.65
1915 , 40.59
1916 , 40.66
1917 , 41.8
1918 , 40.68
1919 , 40.71
1920 , 40.54
1921 , 40.64
1922 , 40.63
1923 , 40.56
1924 , 40.54
1925 , 41.08
1926 , 40.55
1927 , 40.55
1928 , 40.54
1929 , 40.68
1930 , 40.5
1931 , 40.66
1932 , 40.66
1933 , 40.54
1934 , 40.53
1935 , 40.55
1936 , 40.56
1937 , 40.57
1938 , 40.64
1939 , 40.61
1940 , 40.64
1941 , 40.74
1942 , 40.84
1943 , 40.6
1944 , 40.66
1945 , 40.56
1946 , 40.68
1947 , 40.73
1948 , 40.62
1949 , 40.59
1950 , 40.62
1951 , 41.91
1952 , 41.91
1953 , 41.86
1954 , 41.93
1955 , 42.0
1956 , 41.9
1957 , 41.85
1958 , 41.91
1959 , 41.8
1960 , 41.83
1961 , 41.8
1962 , 41.81
1963 , 41.81
1964 , 41.86
1965 , 41.87
1966 , 41.88
1967 , 41.77
1968 , 41.9
1969 , 41.79
1970 , 41.8
1971 , 41.81
1972 , 41.89
1973 , 41.86
1974 , 41.86
1975 , 41.8
1976 , 41.82
1977 , 41.8
1978 , 41.82
1979 , 41.77
1980 , 41.85
1981 , 41.85
1982 , 41.92
1983 , 41.84
1984 , 41.97
1985 , 41.79
1986 , 41.89
1987 , 41.88
1988 , 41.81
1989 , 41.78
1990 , 41.79
1991 , 41.76
1992 , 41.81
1993 , 41.78
1994 , 41.79
1995 , 41.91
1996 , 41.9
1997 , 41.81
1998 , 41.8
1999 , 41.78
2000 , 41.84
2001 , 36.35
2002 , 36.41
2003 , 36.37
2004 , 36.31
2005 , 36.37
2006 , 36.37
2007 , 36.36
2008 , 36.34
2009 , 36.38
2010 , 36.41
2011 , 36.42
2012 , 36.32
2013 , 36.37
2014 , 36.34
2015 , 36.36
2016 , 36.32
2017 , 36.32
2018 , 36.35
2019 , 36.35
2020 , 36.31
2021 , 36.32
2022 , 36.35
2023 , 36.39
2024 , 36.33
2025 , 36.33
2026 , 36.35
2027 , 36.33
2028 , 36.33
2029 , 36.54
2030 , 36.51
2031 , 36.38
2032 , 36.38
2033 , 36.38
2034 , 36.33
2035 , 36.32
2036 , 36.35
2037 , 36.29
2038 , 36.28
2039 , 36.33
2040 , 36.31
2041 , 36.28
2042 , 36.32
2043 , 37.58
2044 , 36.32
2045 , 36.31
2046 , 36.51
2047 , 36.35
2048 , 36.31
2049 , 36.36
2050 , 36.31
2051 , 40.65
2052 , 40.62
2053 , 40.68
2054 , 40.7
2055 , 40.71
2056 , 40.66
2057 , 40.61
2058 , 40.6
2059 , 40.65
2060 , 40.64
2061 , 40.76
2062 , 40.61
2063 , 40.7
2064 , 40.73
2065 , 40.69
2066 , 40.64
2067 , 40.57
2068 , 40.55
2069 , 40.63
2070 , 40.57
2071 , 40.62
2072 , 40.54
2073 , 40.63
2074 , 40.55
2075 , 40.62
2076 , 40.57
2077 , 40.62
2078 , 40.68
2079 , 40.62
2080 , 40.56
2081 , 40.61
2082 , 40.56
2083 , 40.66
2084 , 40.53
2085 , 40.59
2086 , 40.56
2087 , 40.63
2088 , 40.69
2089 , 40.62
2090 , 40.58
2091 , 40.63
2092 , 40.55
2093 , 40.62
2094 , 40.56
2095 , 40.62
2096 , 40.56
2097 , 40.63
2098 , 40.67
2099 , 40.64
2100 , 40.56
2101 , 41.83
2102 , 41.96
2103 , 42.25
2104 , 41.79
2105 , 42.05
2106 , 41.86
2107 , 41.8
2108 , 41.89
2109 , 42.03
2110 , 41.91
2111 , 41.87
2112 , 41.76
2113 , 42.02
2114 , 41.98
2115 , 42.0
2116 , 41.85
2117 , 41.78
2118 , 41.87
2119 , 42.01
2120 , 41.85
2121 , 41.86
2122 , 41.94
2123 , 41.79
2124 , 41.75
2125 , 41.86
2126 , 41.87
2127 , 41.88
2128 , 41.92
2129 , 41.83
2130 , 41.74
2131 , 41.82
2132 , 41.87
2133 , 41.88
2134 , 41.92
2135 , 41.79
2136 , 41.77
2137 , 41.8
2138 , 41.9
2139 , 41.87
2140 , 41.93
2141 , 41.8
2142 , 41.77
2143 , 41.79
2144 , 41.87
2145 , 42.02
2146 , 41.88
2147 , 41.87
2148 , 41.99
2149 , 41.83
2150 , 41.94
2151 , 42.06
2152 , 41.94
2153 , 42.24
2154 , 41.93
2155 , 41.87
2156 , 41.96
2157 , 41.83
2158 , 41.78
2159 , 41.8
2160 , 41.87
2161 , 41.98
2162 , 41.95
2163 , 41.86
2164 , 41.97
2165 , 43.02
2166 , 41.88
2167 , 41.82
2168 , 41.96
2169 , 41.98
2170 , 41.95
2171 , 41.86
2172 , 41.79
2173 , 41.79
2174 , 42.03
2175 , 41.86
2176 , 41.78
2177 , 42.03
2178 , 41.75
2179 , 41.79
2180 , 42.0
2181 , 41.79
2182 , 41.78
2183 , 41.98
2184 , 41.74
2185 , 41.82
2186 , 41.99
2187 , 41.81
2188 , 41.78
2189 , 41.99
2190 , 41.76
2191 , 41.8
2192 , 42.0
2193 , 41.81
2194 , 41.75
2195 , 41.99
2196 , 41.76
2197 , 41.98
2198 , 42.0
2199 , 41.86
2200 , 41.98
2201 , 19.01
2202 , 18.89
2203 , 18.91
2204 , 19.03
2205 , 18.92
2206 , 18.88
2207 , 19.01
2208 , 18.91
2209 , 18.92
2210 , 19.01
2211 , 18.92
2212 , 18.89
2213 , 19.02
2214 , 18.87
2215 , 18.91
2216 , 19.06
2217 , 18.93
2218 , 18.87
2219 , 19.0
2220 , 18.9
2221 , 18.91
2222 , 19.01
2223 , 18.92
2224 , 18.87
2225 , 18.99
2226 , 18.89
2227 , 18.92
2228 , 18.97
2229 , 18.94
2230 , 18.87
2231 , 19.0
2232 , 18.91
2233 , 18.93
2234 , 18.99
2235 , 18.93
2236 , 18.9
2237 , 19.0
2238 , 18.89
2239 , 18.93
2240 , 19.06
2241 , 18.95
2242 , 18.89
2243 , 19.01
2244 , 18.91
2245 , 18.9
2246 , 19.03
2247 , 18.93
2248 , 18.9
2249 , 18.99
2250 , 18.89
2251 , 41.8
2252 , 42.0
2253 , 41.79
2254 , 41.73
2255 , 41.79
2256 , 41.85
2257 , 42.09
2258 , 41.8
2259 , 42.17
2260 , 41.9
2261 , 42.0
2262 , 41.74
2263 , 41.77
2264 , 41.86
2265 , 41.77
2266 , 41.88
2267 , 41.98
2268 , 41.74
2269 , 42.08
2270 , 41.8
2271 , 41.77
2272 , 41.85
2273 , 41.74
2274 , 41.93
2275 , 42.27
2276 , 41.79
2277 , 41.78
2278 , 41.88
2279 , 41.77
2280 , 41.88
2281 , 42.0
2282 , 41.78
2283 , 42.16
2284 , 41.79
2285 , 41.81
2286 , 41.85
2287 , 41.75
2288 , 41.78
2289 , 42.12
2290 , 41.77
2291 , 41.81
2292 , 41.94
2293 , 41.82
2294 , 41.83
2295 , 42.13
2296 , 41.85
2297 , 41.79
2298 , 41.86
2299 , 41.98
2300 , 41.98
2301 , 42.14
2302 , 41.8
2303 , 41.85
2304 , 41.88
2305 , 41.8
2306 , 41.84
2307 , 42.13
2308 , 41.82
2309 , 41.84
2310 , 41.88
2311 , 43.03
2312 , 41.82
2313 , 42.13
2314 , 41.79
2315 , 41.8
2316 , 41.88
2317 , 41.77
2318 , 41.78
2319 , 42.14
2320 , 41.78
2321 , 41.86
2322 , 41.86
2323 , 41.88
2324 , 41.82
2325 , 41.77
2326 , 41.81
2327 , 42.1
2328 , 41.79
2329 , 41.83
2330 , 41.88
2331 , 41.79
2332 , 41.84
2333 , 41.8
2334 , 41.77
2335 , 42.11
2336 , 41.8
2337 , 41.77
2338 , 41.87
2339 , 41.78
2340 , 41.82
2341 , 41.78
2342 , 41.86
2343 , 41.84
2344 , 41.83
2345 , 42.14
2346 , 41.86
2347 , 41.78
2348 , 41.78
2349 , 41.83
2350 , 41.85
2351 , 36.57
2352 , 36.54
2353 , 36.55
2354 , 36.54
2355 , 36.54
2356 , 36.66
2357 , 36.56
2358 , 36.54
2359 , 36.62
2360 , 36.54
2361 , 36.55
2362 , 36.56
2363 , 36.57
2364 , 36.53
2365 , 36.56
2366 , 36.55
2367 , 36.56
2368 , 36.57
2369 , 36.55
2370 , 36.58
2371 , 36.57
2372 , 36.55
2373 , 36.61
2374 , 36.6
2375 , 36.58
2376 , 36.56
2377 , 36.57
2378 , 36.54
2379 , 36.61
2380 , 36.56
2381 , 36.58
2382 , 36.56
2383 , 36.66
2384 , 36.64
2385 , 36.54
2386 , 36.55
2387 , 36.57
2388 , 36.54
2389 , 36.55
2390 , 36.55
2391 , 36.56
2392 , 36.58
2393 , 36.61
2394 , 36.62
2395 , 36.55
2396 , 36.59
2397 , 36.56
2398 , 36.6
2399 , 36.57
2400 , 36.58
2401 , 42.03
2402 , 41.76
2403 , 42.0
2404 , 41.78
2405 , 41.78
2406 , 41.86
2407 , 41.88
2408 , 41.82
2409 , 42.05
2410 , 41.76
2411 , 41.77
2412 , 41.8
2413 , 41.83
2414 , 41.78
2415 , 41.84
2416 , 41.79
2417 , 42.03
2418 , 41.83
2419 , 41.86
2420 , 41.73
2421 , 41.79
2422 , 41.98
2423 , 41.86
2424 , 41.76
2425 , 42.02
2426 , 41.81
2427 , 42.03
2428 , 41.79
2429 , 41.99
2430 , 41.74
2431 , 41.84
2432 , 41.78
2433 , 42.03
2434 , 41.76
2435 , 42.05
2436 , 41.71
2437 , 43.03
2438 , 41.76
2439 , 41.83
2440 , 41.78
2441 , 41.98
2442 , 41.72
2443 , 41.86
2444 , 41.97
2445 , 41.78
2446 , 41.77
2447 , 42.05
2448 , 41.74
2449 , 41.83
2450 , 41.83
2451 , 39.19
2452 , 39.09
2453 , 39.1
2454 , 39.1
2455 , 39.13
2456 , 39.2
2457 , 39.23
2458 , 39.08
2459 , 39.18
2460 , 39.1
2461 , 39.16
2462 , 39.12
2463 , 39.07
2464 , 39.23
2465 , 39.08
2466 , 39.17
2467 , 39.11
2468 , 39.13
2469 , 39.24
2470 , 39.08
2471 , 39.11
2472 , 39.08
2473 , 39.12
2474 , 39.21
2475 , 39.09
2476 , 39.26
2477 , 39.12
2478 , 39.07
2479 , 39.26
2480 , 39.21
2481 , 39.19
2482 , 39.09
2483 , 39.12
2484 , 39.11
2485 , 39.2
2486 , 39.14
2487 , 39.09
2488 , 39.09
2489 , 39.09
2490 , 39.21
2491 , 39.23
2492 , 39.14
2493 , 39.15
2494 , 39.07
2495 , 39.11
2496 , 39.1
2497 , 39.12
2498 , 39.1
2499 , 39.11
2500 , 39.09
2501 , 18.85
2502 , 18.71
2503 , 18.79
2504 , 18.72
2505 , 18.84
2506 , 18.87
2507 , 18.81
2508 , 18.71
2509 , 18.8
2510 , 18.74
2511 , 18.81
2512 , 18.91
2513 , 18.83
2514 , 18.7
2515 , 18.77
2516 , 18.73
2517 , 18.81
2518 , 18.91
2519 , 18.82
2520 , 18.71
2521 , 18.77
2522 , 18.72
2523 , 18.82
2524 , 18.89
2525 , 18.83
2526 , 18.7
2527 , 18.75
2528 , 18.74
2529 , 18.81
2530 , 18.9
2531 , 18.81
2532 , 18.7
2533 , 18.76
2534 , 18.72
2535 , 18.82
2536 , 18.9
2537 , 18.84
2538 , 18.69
2539 , 18.76
2540 , 18.72
2541 , 18.81
2542 , 18.88
2543 , 18.83
2544 , 18.69
2545 , 18.77
2546 , 18.73
2547 , 18.83
2548 , 18.87
2549 , 18.82
2550 , 18.71
2551 , 41.01
2552 , 40.6
2553 , 40.64
2554 , 40.64
2555 , 40.66
2556 , 40.79
2557 , 40.65
2558 , 40.62
2559 , 40.67
2560 , 40.82
2561 , 40.64
2562 , 40.68
2563 , 40.64
2564 , 40.67
2565 , 40.62
2566 , 40.65
2567 , 40.64
2568 , 40.64
2569 , 40.66
2570 , 40.73
2571 , 40.72
2572 , 40.65
2573 , 40.64
2574 , 40.91
2575 , 40.78
2576 , 41.02
2577 , 40.66
2578 , 40.61
2579 , 40.67
2580 , 40.64
2581 , 40.65
2582 , 40.58
2583 , 40.68
2584 , 40.61
2585 , 40.63
2586 , 40.76
2587 , 40.59
2588 , 41.79
2589 , 40.64
2590 , 40.6
2591 , 40.76
2592 , 40.6
2593 , 40.59
2594 , 40.56
2595 , 40.71
2596 , 40.62
2597 , 40.59
2598 , 40.55
2599 , 40.56
2600 , 40.69
2601 , 36.47
2602 , 36.36
2603 , 36.48
2604 , 36.33
2605 , 36.47
2606 , 36.33
2607 , 36.51
2608 , 36.36
2609 , 36.34
2610 , 36.39
2611 , 36.37
2612 , 36.32
2613 , 36.32
2614 , 36.37
2615 , 36.4
2616 , 36.36
2617 , 36.39
2618 , 36.39
2619 , 36.41
2620 , 36.36
2621 , 36.36
2622 , 36.35
2623 , 36.38
2624 , 36.39
2625 , 36.35
2626 , 36.41
2627 , 36.41
2628 , 36.39
2629 , 36.39
2630 , 36.41
2631 , 36.36
2632 , 36.35
2633 , 36.42
2634 , 36.43
2635 , 36.39
2636 , 36.43
2637 , 36.37
2638 , 36.44
2639 , 36.37
2640 , 36.38
2641 , 36.32
2642 , 36.39
2643 , 36.41
2644 , 36.41
2645 , 36.41
2646 , 36.4
2647 , 36.38
2648 , 36.38
2649 , 36.36
2650 , 36.39
2651 , 41.94
2652 , 41.81
2653 , 41.82
2654 , 41.83
2655 , 41.82
2656 , 41.81
2657 , 41.87
2658 , 41.81
2659 , 41.99
2660 , 41.81
2661 , 42.03
2662 , 41.97
2663 , 41.97
2664 , 41.83
2665 , 41.94
2666 , 42.0
2667 , 41.91
2668 , 41.83
2669 , 41.96
2670 , 41.79
2671 , 41.96
2672 , 41.91
2673 , 41.83
2674 , 41.94
2675 , 41.82
2676 , 41.81
2677 , 41.93
2678 , 41.79
2679 , 41.78
2680 , 41.81
2681 , 41.79
2682 , 41.79
2683 , 41.91
2684 , 41.83
2685 , 41.78
2686 , 41.82
2687 , 41.81
2688 , 41.84
2689 , 41.82
2690 , 41.82
2691 , 41.79
2692 , 41.84
2693 , 41.77
2694 , 41.82
2695 , 41.78
2696 , 41.83
2697 , 41.82
2698 , 41.81
2699 , 41.78
2700 , 41.88
2701 , 42.2
2702 , 42.4
2703 , 42.33
2704 , 42.13
2705 , 42.18
2706 , 42.19
2707 , 42.21
2708 , 42.14
2709 , 42.31
2710 , 42.12
2711 , 42.33
2712 , 42.21
2713 , 42.23
2714 , 43.48
2715 , 42.24
2716 , 42.2
2717 , 42.22
2718 , 42.2
2719 , 42.24
2720 , 42.16
2721 , 42.55
2722 , 42.13
2723 , 42.22
2724 , 42.31
2725 , 42.2
2726 , 42.18
2727 , 42.23
2728 , 42.18
2729 , 42.22
2730 , 42.27
2731 , 42.24
2732 , 42.17
2733 , 42.2
2734 , 42.13
2735 , 42.21
2736 , 42.35
2737 , 42.28
2738 , 42.17
2739 , 42.17
2740 , 42.27
2741 , 42.2
2742 , 42.33
2743 , 42.31
2744 , 42.21
2745 , 42.29
2746 , 42.21
2747 , 42.23
2748 , 42.36
2749 , 42.3
2750 , 42.29
2751 , 41.95
2752 , 41.94
2753 , 42.26
2754 , 41.9
2755 , 42.0
2756 , 41.9
2757 , 41.98
2758 , 41.91
2759 , 42.03
2760 , 41.9
2761 , 41.96
2762 , 41.93
2763 , 42.03
2764 , 41.89
2765 , 41.98
2766 , 41.93
2767 , 42.08
2768 , 41.9
2769 , 41.95
2770 , 41.91
2771 , 41.95
2772 , 42.03
2773 , 41.97
2774 , 42.02
2775 , 42.05
2776 , 41.91
2777 , 41.98
2778 , 41.89
2779 , 41.99
2780 , 42.0
2781 , 41.98
2782 , 41.91
2783 , 42.03
2784 , 41.9
2785 , 42.04
2786 , 42.01
2787 , 41.99
2788 , 41.91
2789 , 41.98
2790 , 41.93
2791 , 41.97
2792 , 42.01
2793 , 41.94
2794 , 41.91
2795 , 41.97
2796 , 41.94
2797 , 42.06
2798 , 42.05
2799 , 41.97
2800 , 41.92
2801 , 41.85
2802 , 41.76
2803 , 41.85
2804 , 41.85
2805 , 41.82
2806 , 41.77
2807 , 41.81
2808 , 41.75
2809 , 41.84
2810 , 41.87
2811 , 41.79
2812 , 41.74
2813 , 41.83
2814 , 41.76
2815 , 41.86
2816 , 41.76
2817 , 41.84
2818 , 41.75
2819 , 41.78
2820 , 41.73
2821 , 42.05
2822 , 41.87
2823 , 41.83
2824 , 41.81
2825 , 41.88
2826 , 41.77
2827 , 41.81
2828 , 41.78
2829 , 41.81
2830 , 41.77
2831 , 41.86
2832 , 43.03
2833 , 41.85
2834 , 41.73
2835 , 41.82
2836 , 41.79
2837 , 41.82
2838 , 41.78
2839 , 41.82
2840 , 41.78
2841 , 42.09
2842 , 41.77
2843 , 41.86
2844 , 41.87
2845 , 41.83
2846 , 41.76
2847 , 41.82
2848 , 41.78
2849 , 42.1
2850 , 41.75
2851 , 36.43
2852 , 36.33
2853 , 36.36
2854 , 36.4
2855 , 36.33
2856 , 36.35
2857 , 36.34
2858 , 36.38
2859 , 36.33
2860 , 36.33
2861 , 36.46
2862 , 36.33
2863 , 36.34
2864 , 36.35
2865 , 36.34
2866 , 36.34
2867 , 36.37
2868 , 36.32
2869 , 36.33
2870 , 36.33
2871 , 36.36
2872 , 36.32
2873 , 36.4
2874 , 36.41
2875 , 36.44
2876 , 36.39
2877 , 36.33
2878 , 36.36
2879 , 36.33
2880 , 36.35
2881 , 36.36
2882 , 36.34
2883 , 36.34
2884 , 36.34
2885 , 36.36
2886 , 36.36
2887 , 36.36
2888 , 36.41
2889 , 36.35
2890 , 36.32
2891 , 36.36
2892 , 36.36
2893 , 36.37
2894 , 36.41
2895 , 36.36
2896 , 36.37
2897 , 36.38
2898 , 36.36
2899 , 36.4
2900 , 36.34
2901 , 20.29
2902 , 20.24
2903 , 20.32
2904 , 20.34
2905 , 20.61
2906 , 20.23
2907 , 20.36
2908 , 20.23
2909 , 20.31
2910 , 20.33
2911 , 20.6
2912 , 20.24
2913 , 20.39
2914 , 20.24
2915 , 20.31
2916 , 20.33
2917 , 20.61
2918 , 20.23
2919 , 20.35
2920 , 20.25
2921 , 20.31
2922 , 20.33
2923 , 20.59
2924 , 20.24
2925 , 20.35
2926 , 20.24
2927 , 20.29
2928 , 20.32
2929 , 20.6
2930 , 20.22
2931 , 20.35
2932 , 20.23
2933 , 20.35
2934 , 20.34
2935 , 20.61
2936 , 20.27
2937 , 20.38
2938 , 20.24
2939 , 20.31
2940 , 20.33
2941 , 20.59
2942 , 20.24
2943 , 20.36
2944 , 20.24
2945 , 20.29
2946 , 20.35
2947 , 20.6
2948 , 20.24
2949 , 20.37
2950 , 20.23
2951 , 39.12
2952 , 39.11
2953 , 39.22
2954 , 39.12
2955 , 39.14
2956 , 39.1
2957 , 39.12
2958 , 39.08
2959 , 39.13
2960 , 39.09
2961 , 39.09
2962 , 39.08
2963 , 39.09
2964 , 39.09
2965 , 39.09
2966 , 39.1
2967 , 39.1
2968 , 39.08
2969 , 39.1
2970 , 39.09
2971 , 39.19
2972 , 39.1
2973 , 39.11
2974 , 39.32
2975 , 39.18
2976 , 39.1
2977 , 39.1
2978 , 39.07
2979 , 39.16
2980 , 39.1
2981 , 39.11
2982 , 39.13
2983 , 39.12
2984 , 39.09
2985 , 39.12
2986 , 40.29
2987 , 39.17
2988 , 39.18
2989 , 39.1
2990 , 39.12
2991 , 39.1
2992 , 39.08
2993 , 39.12
2994 , 39.09
2995 , 39.14
2996 , 39.19
2997 , 39.07
2998 , 39.11
2999 , 39.07
3000 , 39.05
